40
16
168 168 168 168 168 168 168 63 63 255 255 255 255 255 255 255 
168 168 168 168 168 168 63 63 168 255 255 255 255 255 255 255 
168 168 168 168 168 168 63 63 168 255 255 255 255 255 255 255 
168 168 168 168 168 63 63 63 63 255 255 255 255 255 255 255 
168 168 168 168 168 168 168 63 255 255 255 255 255 255 255 255 
168 168 168 63 168 168 63 168 63 63 168 255 63 168 255 255 
168 63 63 63 168 63 63 63 168 63 63 168 63 63 63 255

63 63 63 63 63 63 63 63 63 63 63 63 63 63 63 63 
63 255 255 63 255 63 63 63 63 168 63 255 63 255 255 63 
255 255 255 255 255 63 63 63 255 255 255 255 255 255 255 255 
255 255 255 255 255 168 63 63 63 255 255 255 255 255 255 255 
255 255 255 255 255 255 168 63 168 255 255 255 255 255 255 255 
255 255 255 255 255 63 63 63 63 255 255 255 255 255 255 255 
255 255 255 255 255 168 63 63 255 255 255 255 255 255 255 255 
255 255 255 255 255 255 63 63 255 255 255 255 255 255 255 255 
255 255 255 255 255 255 255 63 63 255 255 255 255 255 255 255 

255 255 255 255 255 255 255 63 63 255 255 255 255 255 255 255 
255 255 255 255 255 255 63 63 168 255 255 255 255 255 255 255 
255 255 255 255 255 168 63 63 168 255 255 255 255 255 255 255 
255 255 255 255 255 63 63 63 63 255 255 255 255 255 255 255 
255 255 255 255 255 255 168 63 255 255 255 255 255 255 255 255 
255 255 168 63 255 168 63 168 63 63 168 255 63 168 255 255 
255 63 63 63 168 63 63 63 168 63 63 168 63 63 63 255 
63 63 63 63 63 63 63 63 63 63 63 63 63 63 63 63 
63 168 168 63 168 63 63 63 63 168 63 255 63 255 255 63 
168 168 168 168 168 63 63 63 255 255 255 255 255 255 255 255 
168 168 168 168 168 168 63 63 63 255 255 255 255 255 255 255 
168 168 168 168 168 168 168 63 168 255 255 255 255 255 255 255 
168 168 168 168 168 63 63 63 63 255 255 255 255 255 255 255 
168 168 168 168 168 168 63 63 255 255 255 255 255 255 255 255 
168 168 168 168 168 168 63 63 255 255 255 255 255 255 255 255 
168 168 168 168 168 168 168 63 63 255 255 255 255 255 255 255 

255 255 255 255 255 255 255 63 63 255 255 255 255 255 255 255 
255 255 255 255 255 255 63 63 255 255 255 255 255 255 255 255 
255 255 255 255 255 168 63 63 255 255 255 255 255 255 255 255 
255 255 255 255 255 63 63 63 63 255 255 255 255 255 255 255 
255 255 255 255 255 255 168 63 255 255 255 255 255 255 255 255 
255 255 255 255 255 168 63 63 63 255 255 255 255 255 255 255 
255 255 255 255 255 63 63 63 168 255 255 255 255 255 255 255 
255 255 255 255 255 63 168 63 63 255 63 168 63 255 255 63 
255 255 255 255 255 168 63 63 63 63 63 63 63 63 63 63 
255 255 255 255 255 63 63 63 63 63 63 168 63 63 63 168 
255 255 255 255 255 168 63 63 63 63 168 168 63 168 168 168 
255 255 255 255 255 255 168 63 168 168 168 168 168 168 168 168 
255 255 255 255 255 63 63 63 63 168 168 168 168 168 168 168 
255 255 255 255 255 168 63 63 168 168 168 168 168 168 168 168 
255 255 255 255 255 255 63 63 168 168 168 168 168 168 168 168 
255 255 255 255 255 255 255 63 63 168 168 168 168 168 168 168 

255 255 255 255 255 255 255 255 255 255 255 255 255 255 255 255 
255 255 255 255 255 255 255 255 255 255 255 255 255 255 255 255 
255 255 255 255 255 255 255 255 255 255 255 255 255 255 255 255 
255 255 255 255 255 255 255 255 255 255 255 255 255 255 255 255 
255 255 255 255 255 255 255 255 255 255 255 255 255 255 255 255 
255 255 255 255 255 255 255 255 255 255 255 255 255 255 255 255 
255 255 255 255 255 255 255 255 255 255 255 255 255 255 255 255 
255 255 255 255 255 255 255 255 255 255 255 255 255 255 255 63

255 255 255 255 255 255 255 255 255 255 255 255 255 255 63 63 
255 255 255 255 255 255 255 255 255 255 255 255 255 255 63 255 
255 255 255 255 255 255 255 255 255 255 255 255 255 255 255 255 
255 255 255 255 255 255 255 255 255 255 255 255 255 255 255 255 
255 255 255 255 255 255 255 255 255 255 255 255 255 255 255 255 
255 255 255 255 255 255 255 255 255 255 255 255 255 255 255 255 
255 255 255 255 255 255 255 255 255 255 255 255 255 255 255 255 
255 255 255 255 255 255 255 255 255 255 255 255 255 255 255 255 

255 255 255 255 255 255 255 255 255 255 255 255 255 255 255 255 
255 255 255 255 255 255 255 255 255 255 255 255 255 255 255 255 
255 255 255 255 255 255 255 255 255 255 255 255 255 255 255 255 
255 255 255 255 255 255 255 255 255 255 255 255 255 255 255 255 
255 255 255 255 255 255 255 255 255 255 255 255 255 255 255 255 
255 255 255 255 255 255 255 255 255 255 255 255 255 255 255 255 
255 255 255 255 255 255 255 255 255 255 255 255 255 255 255 255 
255 255 255 255 255 255 255 255 255 255 255 255 255 255 255 255 
255 255 255 255 255 255 255 255 255 255 255 255 255 255 255 255 
255 255 255 255 255 255 255 255 255 255 255 255 255 255 255 255 
255 255 255 255 255 255 255 255 255 255 255 255 255 255 255 255 
255 255 255 255 255 255 255 255 255 255 255 255 255 255 255 255 
255 255 255 255 255 255 255 255 255 255 255 255 255 255 255 255 
255 255 255 255 255 255 255 255 255 255 255 255 255 255 255 255 
255 255 255 255 255 255 255 255 255 255 255 255 255 255 255 255 
255 255 255 255 255 255 255 255 255 255 255 255 255 255 255 255 

255 255 255 255 255 255 255 63 63 168 168 168 168 168 168 168 
255 255 255 255 255 255 63 63 168 168 168 168 168 168 168 168 
255 255 255 255 255 168 63 63 168 168 168 168 168 168 168 168 
255 255 255 255 255 63 63 63 63 168 168 168 168 168 168 168 
255 255 255 255 255 255 168 63 168 168 168 168 168 168 168 168 
255 255 168 63 255 168 63 168 63 63 168 168 63 168 168 168 
255 63 63 63 168 63 63 63 168 63 63 168 63 63 63 168 
63 63 63 63 63 63 63 63 63 63 63 63 63 63 63 63 
63 255 255 63 255 63 63 63 63 168 63 255 63 255 255 63 
255 255 255 255 255 63 63 63 255 255 255 255 255 255 255 255 
255 255 255 255 255 168 63 63 63 255 255 255 255 255 255 255 
255 255 255 255 255 255 168 63 168 255 255 255 255 255 255 255 
255 255 255 255 255 63 63 63 63 255 255 255 255 255 255 255 
255 255 255 255 255 168 63 63 255 255 255 255 255 255 255 255 
255 255 255 255 255 255 63 63 255 255 255 255 255 255 255 255 
255 255 255 255 255 255 255 63 63 255 255 255 255 255 255 255 

255 255 255 255 255 255 255 255 255 255 255 255 255 255 255 255 
255 255 255 255 255 255 255 255 255 255 255 255 255 255 255 255 
255 255 255 255 255 255 255 255 255 255 255 255 255 255 255 255 
255 255 255 255 255 255 255 255 255 255 255 255 255 255 255 255 
255 255 255 255 255 255 255 255 255 255 255 255 255 255 255 255 
255 255 168 63 255 168 63 168 63 63 168 255 63 168 255 255 
255 63 63 63 168 63 63 63 168 63 63 168 63 63 63 255 
63 63 63 63 63 63 63 63 63 63 63 63 63 63 63 63 
63 168 168 63 168 63 63 63 63 168 63 255 63 255 255 63 
168 168 168 168 168 63 63 63 255 255 255 255 255 255 255 255 
168 168 168 168 168 168 63 63 63 255 255 255 255 255 255 255 
168 168 168 168 168 168 168 63 168 255 255 255 255 255 255 255 
168 168 168 168 168 63 63 63 63 255 255 255 255 255 255 255 
168 168 168 168 168 168 63 63 255 255 255 255 255 255 255 255 
168 168 168 168 168 168 63 63 255 255 255 255 255 255 255 255 
168 168 168 168 168 168 168 63 63 255 255 255 255 255 255 255 

168 168 168 168 168 168 168 63 63 255 255 255 255 255 255 255 
168 168 168 168 168 168 168 168 63 63 255 255 255 255 255 255 
168 168 168 168 168 168 168 168 63 63 168 255 255 255 255 255 
168 168 168 168 168 168 168 63 63 63 63 255 255 255 255 255 
168 168 168 168 168 168 168 168 63 168 255 255 255 255 255 255 
168 168 168 63 168 168 63 63 63 63 168 255 255 255 255 255 
168 63 63 63 168 63 63 63 63 63 63 255 255 255 255 255 
63 63 63 63 63 63 63 63 63 63 168 255 255 255 255 255 
63 255 255 63 168 63 255 63 63 168 63 255 255 255 255 255 
255 255 255 255 255 255 255 168 63 63 63 255 255 255 255 255 
255 255 255 255 255 255 255 63 63 63 168 255 255 255 255 255 
255 255 255 255 255 255 255 255 63 168 255 255 255 255 255 255 
255 255 255 255 255 255 255 63 63 63 63 255 255 255 255 255 
255 255 255 255 255 255 255 255 63 63 168 255 255 255 255 255 
255 255 255 255 255 255 255 255 63 63 255 255 255 255 255 255 
255 255 255 255 255 255 255 63 63 255 255 255 255 255 255 255 

255 255 255 255 255 255 255 255 255 255 255 255 255 255 255 255 
255 255 255 255 255 255 255 255 255 255 255 255 255 255 255 255 
255 255 255 255 255 255 255 255 255 255 255 255 255 255 255 255 
255 255 255 255 255 255 255 255 255 255 255 255 255 255 255 255 
255 255 255 255 255 255 255 255 255 255 255 255 255 255 255 255 
255 255 168 63 255 255 255 255 255 255 255 255 255 255 255 255 
255 63 63 63 255 255 255 255 255 255 255 255 255 255 255 255 
63 63 63 255 255 255 255 255 255 255 255 255 255 255 255 255 
63 255 255 255 255 255 255 255 255 255 255 255 255 255 255 255 
255 255 255 255 255 255 255 255 255 255 255 255 255 255 255 255 
255 255 255 255 255 255 255 255 255 255 255 255 255 255 255 255 
255 255 255 255 255 255 255 255 255 255 255 255 255 255 255 255 
255 255 255 255 255 255 255 255 255 255 255 255 255 255 255 255 
255 255 255 255 255 255 255 255 255 255 255 255 255 255 255 255 
255 255 255 255 255 255 255 255 255 255 255 255 255 255 255 255 
255 255 255 255 255 255 255 255 255 255 255 255 255 255 255 255 

255 255 255 255 255 255 255 63 63 255 255 255 255 255 255 255 
255 255 255 255 255 255 255 168 63 63 255 255 255 255 255 255 
255 255 255 255 255 255 255 255 63 168 255 255 255 255 255 255 
255 255 255 255 255 255 255 255 255 255 255 255 255 255 255 255 
255 255 255 255 255 255 255 255 255 255 255 255 255 255 255 255 
255 255 255 255 255 255 255 255 255 255 255 255 255 255 255 255 
255 255 255 255 255 255 255 255 255 255 255 255 255 255 255 255 
255 255 255 255 255 255 255 255 255 255 255 255 255 255 255 255 
255 255 255 255 255 255 255 255 255 255 255 255 255 255 255 255 
255 255 255 255 255 255 255 255 255 255 255 255 255 255 255 255 
255 255 255 255 255 255 255 255 255 255 255 255 255 255 255 255 
255 255 255 255 255 255 255 255 255 255 255 255 255 255 255 255 
255 255 255 255 255 255 255 255 255 255 255 255 255 255 255 255 
255 255 255 255 255 255 255 255 255 255 255 255 255 255 255 255 
255 255 255 255 255 255 255 255 255 255 255 255 255 255 255 255 
255 255 255 255 255 255 255 255 255 255 255 255 255 255 255 255 

255 255 255 255 255 255 255 63 63 255 255 255 255 255 255 255 
255 255 255 255 255 255 63 63 168 255 255 255 255 255 255 255 
255 255 255 255 255 168 63 63 168 255 255 255 255 255 255 255 
255 255 255 255 255 63 63 63 63 255 255 255 255 255 255 255 
255 255 255 255 255 255 168 63 255 255 255 255 255 255 255 255 
255 255 168 63 255 168 63 168 63 63 168 255 63 168 255 255 
255 63 63 63 168 63 63 63 168 63 63 168 63 63 63 255 
63 63 63 63 63 63 63 63 63 63 63 63 63 63 63 63 
63 255 255 63 255 63 63 63 63 168 63 168 63 168 168 63 
255 255 255 255 255 63 63 63 168 168 168 168 168 168 168 168 
255 255 255 255 255 168 63 63 63 168 168 168 168 168 168 168 
255 255 255 255 255 255 168 63 168 168 168 168 168 168 168 168 
255 255 255 255 255 63 63 63 63 168 168 168 168 168 168 168 
255 255 255 255 255 168 63 63 168 168 168 168 168 168 168 168 
255 255 255 255 255 255 63 63 168 168 168 168 168 168 168 168 
255 255 255 255 255 255 255 63 63 168 168 168 168 168 168 168 

255 255 255 255 255 255 255 63 63 168 168 168 168 168 168 168 
255 255 255 255 255 255 255 255 63 63 168 168 168 168 168 168 
255 255 255 255 255 255 255 255 63 63 168 168 168 168 168 168 
255 255 255 255 255 255 255 63 63 63 63 168 168 168 168 168 
255 255 255 255 255 255 255 168 63 168 168 168 168 168 168 168 
255 255 255 255 255 255 255 63 63 63 168 168 168 168 168 168 
255 255 255 255 255 255 255 255 63 63 63 168 168 168 168 168 
63 255 255 63 255 63 168 63 63 63 63 168 63 168 168 63 
63 63 63 63 63 63 63 63 63 63 63 63 63 63 63 63 
255 63 63 63 168 63 63 168 63 63 63 168 63 63 63 255 
255 255 168 63 255 168 63 63 168 63 168 255 63 168 255 255 
255 255 255 255 255 255 255 255 255 255 255 255 255 255 255 255 
255 255 255 255 255 255 255 255 255 255 255 255 255 255 255 255 
255 255 255 255 255 255 255 255 255 255 255 255 255 255 255 255 
255 255 255 255 255 255 255 255 255 255 255 255 255 255 255 255 
255 255 255 255 255 255 255 255 255 255 255 255 255 255 255 255 

255 255 255 255 255 255 255 255 255 255 255 255 255 255 255 255 
255 255 255 255 255 255 255 255 255 255 255 255 255 255 255 255 
255 255 255 255 255 255 255 255 255 255 255 255 255 255 255 255 
255 255 255 255 255 255 255 255 255 255 255 255 255 255 255 255 
255 255 255 255 255 255 255 255 255 255 255 255 255 255 255 255 
255 255 255 255 255 255 255 255 255 255 255 255 255 255 255 255 
255 255 255 255 255 255 255 255 255 255 255 255 255 255 255 255 
255 255 255 255 255 255 255 255 255 255 255 255 255 255 255 255 
255 255 255 255 255 255 255 255 255 255 255 255 255 255 255 255 
255 255 255 255 255 255 255 255 255 255 255 255 255 255 255 255 
255 255 255 255 255 255 255 255 255 255 255 255 255 255 255 255 
255 255 255 255 255 255 255 255 255 255 255 255 255 255 255 255 
255 255 255 255 255 255 255 255 255 255 255 255 255 255 255 255 
255 255 255 255 255 255 255 255 255 255 255 255 255 255 255 255 
255 255 255 255 255 255 63 63 255 255 255 255 255 255 255 255 
255 255 255 255 255 255 255 63 63 255 255 255 255 255 255 255 

255 255 255 255 255 255 255 255 255 255 255 255 255 255 255 255 
255 255 255 255 255 255 255 255 255 255 255 255 255 255 255 255 
255 255 255 255 63 255 63 255 255 255 255 255 255 255 255 255 
255 255 255 255 255 255 255 255 255 255 255 63 255 255 255 255 
255 255 255 255 255 255 255 255 63 255 255 255 255 255 255 255 
255 255 255 63 63 255 255 255 255 255 255 255 255 255 255 255 
255 255 255 255 255 255 255 255 255 255 255 255 63 255 255 255 
255 255 255 255 255 255 255 63 255 63 255 255 255 255 255 255 
255 255 255 255 63 255 255 255 255 255 255 255 63 255 255 255 
255 255 255 255 255 255 63 255 255 63 255 63 255 255 255 255 
255 255 255 255 255 255 255 255 255 255 255 255 255 255 255 255 
255 255 255 255 255 255 255 255 255 255 255 255 255 255 255 255 
255 255 255 63 255 255 255 255 63 255 255 255 63 255 255 255 
255 255 255 255 255 255 255 63 255 255 255 255 255 255 255 255 
255 255 255 255 255 255 255 255 255 255 255 255 255 255 255 255 
255 255 255 255 255 255 255 255 255 255 255 255 255 255 255 255 

255 255 255 255 255 255 255 255 255 255 255 255 255 255 255 255 
255 255 255 255 255 255 255 255 255 255 63 255 255 255 255 255 
255 255 255 255 255 255 255 255 255 255 255 255 255 255 255 255 
255 255 255 255 63 255 63 255 255 255 255 255 255 255 255 255 
255 255 255 255 255 255 255 255 255 255 255 255 255 255 255 255 
255 255 255 255 255 255 255 255 255 255 255 63 255 255 255 255 
255 255 63 255 255 255 255 255 255 255 255 255 255 255 255 255 
255 255 255 255 255 63 255 255 255 63 255 255 255 255 255 255 
255 255 255 255 255 255 255 255 255 255 255 63 255 255 255 255 
255 255 255 255 255 255 255 255 255 255 255 255 255 255 255 255 
255 255 255 63 255 255 255 255 63 255 255 255 255 255 255 255 
255 255 255 255 255 255 255 255 255 255 255 255 255 255 255 255 
255 255 255 255 255 255 63 255 255 255 255 63 255 255 255 255 
255 255 255 255 255 255 255 255 255 255 255 255 255 255 255 255 
255 255 255 255 255 255 255 255 255 255 255 255 255 255 255 255 
255 255 255 255 255 255 255 255 255 255 255 255 255 255 255 255 

255 255 255 255 255 255 255 255 255 255 255 255 255 255 255 255 
255 255 255 255 255 255 255 255 255 255 255 255 255 255 255 255 
255 255 255 255 255 255 255 255 255 255 255 255 255 255 255 255 
255 255 255 255 255 255 255 168 255 255 255 255 255 255 255 255 
255 255 168 168 255 255 168 168 255 255 255 255 255 255 255 255 
255 255 168 168 168 255 168 255 255 255 255 255 255 255 255 255 
255 255 255 168 168 255 255 255 255 255 255 255 255 255 255 255 
255 255 255 255 255 255 255 255 255 255 255 255 255 255 255 255 
255 255 255 255 255 255 255 255 255 255 255 255 255 255 255 255 
255 255 255 255 255 255 255 255 255 255 255 255 255 255 255 255 
255 255 255 255 255 255 255 255 255 255 168 255 255 255 255 255 
255 255 255 255 255 255 255 255 255 255 168 168 255 255 168 255 
255 255 255 255 255 255 255 255 255 255 255 168 255 168 168 255 
255 255 255 255 255 255 255 255 255 255 255 255 255 168 255 255 
255 255 255 255 255 255 255 255 255 255 255 255 255 255 255 255 
255 255 255 255 255 255 255 255 255 255 255 255 255 255 255 255 

255 255 255 255 255 255 255 255 255 255 255 255 255 255 255 255 
255 255 255 255 255 255 255 255 255 255 255 255 255 255 255 255 
255 255 255 255 255 255 255 255 255 255 255 255 255 255 255 255 
255 255 255 255 255 255 255 255 255 255 255 255 255 255 255 63

255 255 255 255 255 255 255 255 255 255 255 255 255 63 63 255 
255 255 255 255 255 255 255 255 255 255 255 63 63 168 255 255 
255 255 255 255 255 255 255 255 255 63 63 168 255 255 255 255 
255 255 255 255 255 255 255 255 63 255 255 255 255 255 255 255 
255 255 255 255 255 255 255 63 255 255 255 255 255 255 255 255 
255 255 255 255 255 255 63 255 255 255 255 255 255 255 255 255 
255 255 255 255 255 255 63 255 255 255 255 255 255 255 255 255 
255 255 255 255 255 63 168 255 255 255 255 255 255 255 255 255 
255 255 255 255 255 63 63 63 168 255 255 255 255 255 255 255 
255 255 255 255 63 255 255 255 255 168 168 255 255 255 255 255 
255 255 255 63 255 255 255 168 255 255 255 168 255 255 255 255 
255 255 255 63 255 255 255 255 255 255 255 168 255 255 255 168 

255 255 255 63 255 255 255 255 255 255 255 168 255 255 255 168 
255 255 63 168 168 168 168 168 168 168 63 63 168 168 168 168 
255 255 63 168 168 168 168 168 63 63 63 63 168 168 168 168 
255 255 63 168 168 168 168 168 63 63 63 63 168 168 168 168 
255 255 63 168 168 168 168 168 63 63 63 63 168 168 168 168 
255 168 63 168 168 168 168 63 63 63 63 63 63 168 168 168 
255 168 63 63 168 63 168 63 63 63 63 63 168 63 168 168 
255 168 63 168 63 168 63 63 63 63 63 63 63 168 63 168 
255 168 168 63 168 63 63 63 63 63 63 63 63 63 168 63 
255 255 168 168 63 63 63 63 63 63 63 63 63 168 63 63 
255 255 168 168 168 168 63 63 63 63 168 168 63 63 168 63 
255 255 255 168 168 168 168 168 168 168 168 168 168 168 63 63 
255 255 255 255 255 168 168 168 168 168 168 168 168 168 168 168 
255 255 255 255 255 255 255 255 168 168 168 168 168 168 168 168 
255 255 255 255 255 255 255 255 255 255 255 255 168 168 168 168 
255 255 255 255 255 255 255 255 255 255 255 255 255 255 255 255 

168 168 168 168 168 168 168 168 168 168 168 168 168 168 168 168 
168 255 168 168 168 168 168 168 168 168 168 168 168 168 168 168 
168 168 255 168 168 168 168 168 168 168 255 255 168 168 168 168 
168 168 168 255 168 168 168 168 255 255 168 168 255 255 168 168 
168 168 168 168 255 255 255 255 168 168 168 168 168 168 168 168 
168 255 168 168 168 168 168 168 168 168 168 168 168 168 168 168 
168 168 255 168 168 168 168 168 168 168 255 255 168 168 168 168 
168 168 168 255 168 168 168 168 255 255 168 168 255 255 168 168 
168 168 168 168 255 255 255 255 168 168 168 168 168 168 168 168 
168 168 168 168 168 168 168 168 168 168 168 168 168 168 168 168 
168 255 168 168 168 168 168 168 168 168 168 168 168 168 168 168 
168 168 255 168 168 168 168 168 168 168 255 255 168 168 168 168 
168 168 168 255 168 168 168 168 255 255 168 168 255 255 168 168 
168 168 168 168 255 255 255 255 168 168 168 168 168 168 168 168 
168 168 168 168 168 168 168 168 168 168 168 168 168 168 168 168 
168 168 168 168 168 168 168 168 168 168 168 168 168 168 168 168 

168 168 168 168 168 168 168 168 168 168 168 168 168 168 168 168 
168 168 168 168 168 168 168 168 168 168 168 168 168 168 168 168 
168 168 168 168 168 168 168 168 168 168 168 168 168 168 168 168 
168 168 168 168 168 168 168 168 168 168 168 168 168 168 168 168 
168 168 168 168 168 168 168 168 168 168 168 168 168 168 168 168 
168 168 168 168 168 168 168 168 168 168 168 168 168 168 168 168 
168 168 168 168 168 168 168 168 168 168 168 168 168 168 168 168 
168 168 168 168 168 168 168 63 63 168 63 168 63 168 168 63 
168 168 168 168 168 168 168 63 63 63 63 63 63 63 63 63 
168 168 168 168 168 168 168 168 63 63 63 168 63 63 63 255

168 168 168 168 168 168 168 63 63 63 168 255 63 168 255 255 
168 168 168 168 168 168 168 168 63 168 255 255 255 255 255 255 
168 168 168 168 168 168 168 63 63 63 63 255 255 255 255 255 
168 168 168 168 168 168 168 168 63 63 168 255 255 255 255 255 
168 168 168 168 168 168 168 168 63 63 255 255 255 255 255 255 
168 168 168 168 168 168 168 63 63 255 255 255 255 255 255 255 

255 255 255 255 255 255 255 255 255 255 255 255 255 255 255 255 
255 168 168 255 255 168 168 255 255 255 255 255 255 255 255 255 
255 168 168 168 255 168 255 255 255 255 255 255 255 168 255 255 
255 255 168 168 255 255 255 255 255 255 168 255 168 168 255 255 
255 255 255 255 255 255 255 255 255 255 168 255 168 255 255 255 
255 255 255 255 255 255 255 255 255 255 255 255 255 255 255 255 
255 255 255 255 255 255 255 255 255 255 255 255 255 255 255 255 
255 255 255 255 255 255 255 255 255 255 255 255 255 255 255 255 
255 255 255 255 255 168 255 255 255 255 255 255 255 255 255 255 
255 255 255 255 255 168 168 255 168 255 255 255 255 255 255 255 
255 255 255 255 255 255 168 255 168 255 255 255 255 168 168 255 
255 255 255 255 255 255 255 255 255 255 255 255 168 168 168 255 
255 255 255 255 255 255 255 255 255 255 255 255 168 168 255 255 
255 255 255 255 255 255 255 255 255 255 255 255 255 255 255 255 
255 255 255 255 255 255 255 255 255 255 255 255 255 255 255 255 
255 255 255 255 255 255 255 255 255 255 255 255 255 255 255 255 

255 255 255 255 255 255 255 255 255 255 255 255 255 255 255 255 
255 255 255 255 255 255 255 255 255 255 255 255 255 255 255 255 
255 255 255 255 255 255 255 255 255 255 255 255 255 255 255 255 
63 63 63 63 255 255 255 255 255 255 255 255 255 255 255 255 
255 255 255 168 63 63 255 255 255 255 255 255 255 255 255 255 
255 255 255 255 255 168 63 255 255 255 255 255 255 255 255 255 
255 255 255 168 255 255 168 63 255 255 255 255 255 255 255 255 
255 255 168 255 168 255 255 168 63 255 255 255 255 255 255 255 
255 255 255 168 255 255 255 255 63 255 255 255 255 255 255 255 
255 255 255 255 255 255 255 255 168 63 255 255 255 255 255 255 
255 255 255 255 255 255 255 255 168 63 255 255 255 255 255 255 
255 255 255 255 255 255 255 168 63 63 63 255 255 255 255 255 
255 255 255 255 255 255 168 63 63 63 63 255 255 255 255 255 
255 255 255 255 255 168 63 63 63 63 63 63 255 255 255 255 
255 255 255 168 63 63 63 63 63 63 63 63 255 255 255 255 
168 168 63 63 63 63 63 63 63 63 63 63 63 255 255 255 

168 168 63 63 63 63 63 63 63 63 63 63 63 255 255 255 
168 63 63 63 63 63 63 63 63 63 63 63 63 255 255 255 
168 63 63 63 63 63 63 63 63 63 63 63 63 63 255 255 
168 63 63 63 63 63 63 168 168 168 168 63 63 63 255 255 
168 63 63 63 63 63 168 168 168 168 168 168 63 63 255 255 
168 63 63 63 63 63 168 168 168 168 168 168 63 63 168 255

168 63 63 63 63 63 63 168 168 168 168 63 63 63 168 255

168 63 63 63 63 63 168 168 63 63 63 63 63 63 168 255

63 63 63 63 63 63 168 168 168 63 63 63 63 168 168 255

63 63 63 63 63 63 168 168 168 63 63 63 63 168 168 255

63 63 63 63 63 63 63 168 63 63 63 168 168 168 255 255 
63 63 63 63 168 168 63 63 168 168 168 168 168 255 255 255 
168 168 168 168 168 168 168 168 168 168 168 168 255 255 255 255 
168 168 168 168 168 168 168 168 168 255 255 255 255 255 255 255 
168 168 168 168 255 255 255 255 255 255 255 255 255 255 255 255 
255 255 255 255 255 255 255 255 255 255 255 255 255 255 255 255 

168 168 168 168 168 168 168 168 168 168 168 168 168 168 168 168 
168 168 168 255 255 255 168 168 168 168 168 168 168 168 168 168 
168 168 255 168 168 168 255 168 168 168 168 168 168 168 168 168 
168 168 255 255 255 168 168 168 168 168 168 168 168 168 168 168 
168 168 168 255 255 255 168 168 168 168 168 168 168 168 168 168 
168 255 63 168 168 168 63 255 168 168 168 168 168 168 168 168 
168 168 255 63 63 63 255 255 255 255 255 168 168 168 168 168 
168 168 168 255 255 255 255 168 168 168 168 255 168 168 168 168 
168 168 168 168 168 255 168 255 255 255 255 168 255 168 168 168 
168 168 168 168 168 255 255 255 255 255 168 168 168 168 168 168 
168 168 168 168 255 168 255 255 255 168 255 255 168 255 168 168 
168 168 168 168 255 63 168 255 255 255 255 168 63 255 168 168 
168 168 168 168 168 255 63 168 168 168 168 63 255 168 168 168 
168 168 168 168 168 168 255 63 63 63 63 255 168 168 168 168 
168 168 168 168 168 168 168 255 255 255 255 168 168 168 168 168 
168 168 168 168 168 168 168 168 168 168 168 168 168 168 168 168 

168 168 168 168 168 168 168 168 168 168 168 168 168 168 168 168 
168 168 168 168 168 168 168 168 168 168 168 168 168 168 168 168 
168 168 168 168 168 168 168 168 168 168 168 168 168 168 168 168 
168 168 168 168 168 168 168 168 168 168 168 168 168 168 168 168 
168 168 168 168 168 168 168 168 168 168 168 168 168 168 168 168 
168 168 168 168 168 168 168 168 168 168 168 168 168 168 168 168 
168 168 168 168 168 168 168 168 168 168 168 168 168 168 168 168 
63 168 168 63 168 63 168 63 63 168 168 168 168 168 168 168 
63 63 63 63 63 63 63 63 63 168 168 168 168 168 168 168 
255 63 63 63 168 63 63 63 168 168 168 168 168 168 168 168 
255 255 168 63 255 168 63 63 63 168 168 168 168 168 168 168 
255 255 255 255 255 255 168 63 168 168 168 168 168 168 168 168 
255 255 255 255 255 63 63 63 63 168 168 168 168 168 168 168 
255 255 255 255 255 168 63 63 168 168 168 168 168 168 168 168 
255 255 255 255 255 255 63 63 168 168 168 168 168 168 168 168 
255 255 255 255 255 255 255 63 63 168 168 168 168 168 168 168 

255 255 255 255 255 255 255 255 255 255 255 255 255 255 255 255 
255 255 255 255 255 255 255 255 255 255 255 255 255 255 255 255 
255 255 255 255 255 255 255 255 255 255 255 255 255 255 255 255 
255 255 255 255 255 255 255 255 255 255 255 255 255 255 255 255 
255 255 255 255 255 255 255 255 255 255 255 255 255 255 255 255 
255 255 255 255 255 255 255 255 168 63 168 255 63 168 255 255 
255 255 255 255 255 255 63 168 63 63 63 168 63 63 63 255 
255 255 255 255 255 255 63 63 63 63 63 63 63 63 63 63 
255 255 255 255 255 255 168 63 63 168 63 168 63 168 168 63 
255 255 255 255 255 255 63 63 168 168 168 255 168 168 255 168 
255 255 255 255 255 255 168 63 168 168 255 168 168 168 168 168 
255 255 255 255 255 168 63 63 63 168 168 168 168 168 168 168 
255 255 255 255 255 63 63 63 63 168 168 168 168 168 168 168 
255 255 255 255 255 255 168 63 168 168 168 168 168 168 168 168 
255 255 255 255 255 255 63 63 168 168 168 168 168 168 168 168 
255 255 255 255 255 255 255 63 63 168 168 168 168 168 168 168 

255 255 255 255 255 255 255 63 63 168 168 168 168 168 168 168 
255 255 255 255 255 255 63 63 168 255 168 168 168 168 168 168 
255 255 255 255 255 168 63 63 168 255 168 168 168 168 168 168 
255 255 255 255 255 63 63 63 63 255 168 168 168 168 168 168 
255 255 255 255 255 255 168 63 168 168 168 168 168 168 168 168 
255 255 255 255 255 168 63 63 63 168 255 168 168 168 168 168 
255 255 255 255 255 63 63 63 168 168 255 168 168 168 168 168 
255 255 255 255 255 255 168 63 63 168 168 168 168 168 168 168 
255 255 255 255 255 168 63 63 63 168 255 168 168 168 168 168 
255 255 255 255 255 63 63 63 168 168 255 168 168 168 168 168 
255 255 255 255 255 168 63 63 63 168 168 168 168 168 168 168 
255 255 255 255 255 255 168 63 168 255 168 168 168 168 168 168 
255 255 255 255 255 63 63 63 63 168 168 168 168 168 168 168 
255 255 255 255 255 168 63 63 168 168 168 168 168 168 168 168 
255 255 255 255 255 255 63 63 168 255 168 168 168 168 168 168 
255 255 255 255 255 255 255 63 63 168 168 168 168 168 168 168 

255 255 255 255 255 255 255 63 63 168 168 168 168 168 168 168 
255 255 255 255 255 255 63 63 168 168 168 168 168 168 168 168 
255 255 255 255 255 168 63 63 168 255 168 168 168 168 168 168 
255 255 255 255 255 63 63 63 63 168 168 168 168 168 168 168 
255 255 255 255 255 255 168 63 168 255 168 168 168 168 168 168 
255 255 255 255 255 168 63 63 63 255 168 168 168 168 168 168 
255 255 255 255 255 63 63 63 168 168 168 168 255 255 168 168 
255 255 255 255 255 168 63 63 63 168 168 63 63 168 168 63 
255 255 255 255 255 255 168 63 63 63 63 63 63 63 63 63 
255 255 255 255 255 255 63 63 168 63 168 63 63 168 63 255 
255 255 255 255 255 255 255 255 255 255 255 168 63 255 255 255 
255 255 255 255 255 255 255 255 255 255 255 255 255 255 255 255 
255 255 255 255 255 255 255 255 255 255 255 255 255 255 255 255 
255 255 255 255 255 255 255 255 255 255 255 255 255 255 255 255 
255 255 255 255 255 255 255 255 255 255 255 255 255 255 255 255 
255 255 255 255 255 255 255 255 255 255 255 255 255 255 255 255 

255 255 63 63 63 63 63 63 63 63 63 63 63 63 255 255 
255 255 255 63 63 63 63 63 63 63 63 63 63 255 255 255 
255 255 255 168 168 63 63 63 63 63 63 168 168 255 255 255 
255 168 168 63 63 168 63 168 63 63 63 63 63 168 168 255 
255 168 168 63 63 63 63 168 63 63 63 63 63 168 168 255 
255 168 168 63 63 63 63 63 63 63 63 63 63 168 168 255 
255 255 168 168 63 63 63 63 63 63 63 63 168 168 255 255 
255 255 255 168 168 168 63 63 63 63 168 168 168 255 255 255 
255 255 255 255 255 255 255 255 255 255 255 255 255 255 255 255 
255 255 255 255 255 255 255 255 255 255 255 255 255 255 255 255 
255 255 255 255 255 255 255 255 255 255 255 255 255 255 255 255 
255 255 255 255 255 255 255 255 255 255 255 255 255 255 255 255 
255 255 255 255 255 255 255 255 255 255 255 255 255 255 255 255 
255 255 255 255 255 255 255 255 255 255 255 255 255 255 255 255 
255 255 255 255 255 255 255 255 255 255 255 255 255 255 255 255 
255 255 255 255 255 255 255 255 255 255 255 255 255 255 255 255 

168 168 168 168 168 168 168 63 63 255 255 255 255 255 255 255 
168 168 168 168 168 168 168 168 63 63 255 255 255 255 255 255 
168 168 168 168 168 168 168 168 63 63 168 255 255 255 255 255 
168 168 168 168 168 168 168 63 63 63 63 255 255 255 255 255 
168 168 168 168 168 168 168 168 63 168 255 255 255 255 255 255 
168 168 168 168 168 168 168 63 63 63 168 255 63 168 255 255 
168 168 168 168 168 168 168 168 63 63 63 168 63 63 63 255

168 168 168 168 168 168 168 63 63 63 63 63 63 63 63 63 
168 168 168 168 168 168 168 63 63 168 63 168 63 168 168 63 
168 168 168 168 168 168 168 168 168 168 168 168 168 168 168 168 
168 168 168 168 168 168 168 168 168 168 168 168 168 168 168 168 
168 168 168 168 168 168 168 168 168 168 168 168 168 168 168 168 
168 168 168 168 168 168 168 168 168 168 168 168 168 168 168 168 
168 168 168 168 168 168 168 168 168 168 168 168 168 168 168 168 
168 168 168 168 168 168 168 168 168 168 168 168 168 168 168 168 
168 168 168 168 168 168 168 168 168 168 168 168 168 168 168 168 

255 255 255 255 255 255 255 255 255 255 255 255 255 255 255 255 
255 255 255 255 255 255 255 255 255 255 255 255 255 255 255 255 
255 255 255 255 255 255 255 255 255 255 255 255 255 255 255 255 
255 255 255 255 255 255 255 255 255 255 255 255 255 255 255 255 
255 255 255 255 255 255 255 255 255 255 255 255 255 255 255 255 
255 255 168 63 255 168 63 168 255 63 168 255 63 168 255 255 
255 63 63 63 168 63 63 63 168 63 63 168 63 63 63 255 
63 63 63 63 63 63 63 63 63 63 63 63 63 63 63 63 
63 168 168 63 168 63 168 63 63 168 63 168 63 168 168 63 
168 168 168 168 168 168 168 168 168 255 168 168 255 168 168 168 
168 168 255 168 168 168 255 168 168 168 168 255 168 168 168 168 
168 168 168 168 168 168 168 168 168 168 168 168 168 168 168 168 
168 168 168 168 168 168 168 168 168 168 168 168 168 168 168 168 
168 168 168 168 168 168 168 168 168 168 168 168 168 168 168 168 
168 168 168 168 168 168 168 168 168 168 168 168 168 168 168 168 
168 168 168 168 168 168 168 168 168 168 168 168 168 168 168 168 

168 168 168 168 168 168 168 168 168 168 168 168 168 168 168 168 
168 168 168 168 168 168 168 168 168 168 168 168 168 168 168 168 
168 168 168 168 168 168 168 168 168 168 168 168 168 168 168 168 
168 168 168 168 168 168 168 168 168 168 168 168 168 168 168 168 
168 168 168 168 168 168 168 168 168 168 168 168 168 168 168 168 
168 168 168 168 168 168 168 168 168 168 168 168 168 168 168 168 
168 168 168 168 168 168 168 168 168 168 168 168 168 168 168 168 
168 168 168 168 168 168 168 168 168 168 168 168 168 168 168 168 
168 168 168 168 168 168 168 168 168 168 168 168 168 168 168 168 
168 168 168 168 168 168 168 168 168 168 168 168 168 168 168 168 
168 168 168 168 168 168 168 168 168 168 168 168 168 168 168 168 
168 168 168 168 168 168 168 168 168 168 168 168 168 168 168 168 
168 168 168 168 168 168 168 168 168 168 168 168 168 168 168 168 
168 168 168 168 168 168 168 168 168 168 168 168 168 168 168 168 
168 168 168 168 168 168 168 168 168 168 168 168 168 168 168 168 
168 168 168 168 168 168 168 168 168 168 168 168 168 168 168 168 

168 168 168 168 168 168 168 168 168 168 168 168 168 168 168 168 
168 168 168 168 168 168 168 168 168 168 168 168 168 168 168 168 
168 168 168 168 168 168 168 168 168 168 168 168 168 168 168 168 
168 168 168 168 168 168 168 168 168 168 168 168 168 168 168 168 
168 168 168 168 168 168 168 168 168 168 168 168 168 168 168 168 
168 168 168 168 168 168 168 168 168 168 168 168 168 168 168 168 
168 168 255 168 168 255 168 255 255 168 168 255 168 168 168 168 
63 168 168 63 168 63 168 63 63 168 63 168 255 168 168 63 
63 63 63 63 63 63 63 63 63 63 63 63 63 63 63 63 
255 63 63 63 168 63 63 168 63 63 63 168 63 63 63 255 
255 255 168 63 255 168 63 255 168 63 168 255 63 168 255 255 
255 255 255 255 255 255 255 255 255 255 255 255 255 255 255 255 
255 255 255 255 255 255 255 255 255 255 255 255 255 255 255 255 
255 255 255 255 255 255 255 255 255 255 255 255 255 255 255 255 
255 255 255 255 255 255 255 255 255 255 255 255 255 255 255 255 
255 255 255 255 255 255 255 255 255 255 255 255 255 255 255 255 

255 255 255 255 255 255 255 255 255 255 255 255 255 255 255 255 
255 255 255 255 255 255 255 255 255 255 255 255 255 255 255 255 
255 255 255 255 255 255 63 63 63 63 255 255 255 255 255 255 
255 255 255 255 255 63 168 168 168 168 63 255 255 255 255 255 
255 255 255 255 63 168 255 168 255 168 168 63 255 255 255 255 
255 255 255 63 168 255 168 255 168 168 168 168 63 255 255 255 
255 255 255 63 168 168 255 168 168 168 168 168 63 255 255 255 
255 255 63 168 168 168 168 168 168 168 168 168 63 63 255 255 
255 255 63 63 168 63 168 168 168 168 63 63 63 63 255 255 
255 63 168 168 63 63 168 168 168 168 63 63 63 63 255 255 
255 63 168 168 168 168 63 168 168 63 63 168 63 63 63 255 
255 63 168 168 168 168 168 63 63 63 168 168 63 63 63 255 
255 63 63 168 168 63 168 168 168 63 63 63 63 63 63 255 
255 63 63 63 63 63 168 168 63 63 63 63 63 63 63 255 
255 63 63 63 63 63 63 63 63 63 63 63 63 63 63 255 
255 255 63 63 63 63 63 63 63 63 63 63 63 63 255 255 

255 255 255 255 255 255 255 63 63 168 168 168 168 168 168 168 
255 255 255 255 255 255 63 63 168 168 168 168 168 168 168 168 
255 255 255 255 255 168 63 63 168 168 168 168 168 168 168 168 
255 255 255 255 255 63 63 63 63 168 168 168 168 168 168 168 
255 255 255 255 255 255 168 63 168 168 168 168 168 168 168 168 
255 255 168 63 255 168 63 63 63 168 168 168 168 168 168 168 
255 63 63 63 168 63 63 63 168 168 168 168 168 168 168 168 
63 63 63 63 63 63 63 63 63 168 168 168 168 168 168 168 
63 168 168 63 168 63 168 63 63 168 168 168 168 168 168 168 
168 168 168 168 168 168 168 168 168 168 168 168 168 168 168 168 
168 168 168 168 168 168 168 168 168 168 168 168 168 168 168 168 
168 168 168 168 168 168 168 168 168 168 168 168 168 168 168 168 
168 168 168 168 168 168 168 168 168 168 168 168 168 168 168 168 
168 168 168 168 168 168 168 168 168 168 168 168 168 168 168 168 
168 168 168 168 168 168 168 168 168 168 168 168 168 168 168 168 
168 168 168 168 168 168 168 168 168 168 168 168 168 168 168 168 

255 255 255 255 255 255 255 255 255 255 255 255 255 255 255 255 
255 255 255 255 255 255 255 255 255 255 255 255 255 255 255 255 
255 255 255 255 255 255 255 255 255 255 255 255 255 255 255 255 
255 255 255 255 255 255 255 255 255 255 255 255 255 255 255 255 
255 255 255 255 255 255 255 255 255 255 255 255 255 255 255 255 
255 255 255 63 168 255 255 255 255 255 255 255 255 255 255 255 
255 63 168 63 63 168 63 168 63 63 255 255 255 255 255 255 
63 63 63 63 63 63 63 63 63 168 255 255 255 255 255 255 
63 168 168 63 63 168 168 63 63 63 168 255 255 255 255 255 
168 168 168 168 255 168 168 168 63 63 63 255 255 255 255 255 
168 168 168 168 168 168 255 63 63 63 168 255 255 255 255 255 
168 168 168 168 168 168 168 168 63 168 255 255 255 255 255 255 
168 168 168 168 168 168 255 63 63 63 63 255 255 255 255 255 
168 168 168 168 168 168 168 168 63 63 168 255 255 255 255 255 
168 168 168 168 168 168 168 168 63 63 255 255 255 255 255 255 
168 168 168 168 168 168 168 63 63 255 255 255 255 255 255 255 

168 168 168 168 168 168 168 63 63 255 255 255 255 255 255 255 
168 168 168 168 168 168 168 168 63 63 255 255 255 255 255 255 
168 168 168 168 168 255 168 168 63 63 168 255 255 255 255 255 
168 168 168 168 168 168 168 63 63 63 63 255 255 255 255 255 
168 168 168 168 168 168 255 168 63 168 255 255 255 255 255 255 
168 168 168 168 168 168 168 63 63 63 168 255 255 255 255 255 
168 168 168 168 168 168 168 168 63 63 63 255 255 255 255 255 
168 168 168 168 168 168 255 63 63 63 168 255 255 255 255 255 
168 168 168 168 168 168 168 63 63 168 255 255 255 255 255 255 
168 168 168 168 168 168 168 168 63 63 63 255 255 255 255 255 
168 168 168 168 168 168 168 63 63 63 168 255 255 255 255 255 
168 168 168 168 168 168 255 168 63 168 255 255 255 255 255 255 
168 168 168 168 168 168 168 63 63 63 63 255 255 255 255 255 
168 168 168 168 168 255 255 168 63 63 168 255 255 255 255 255 
168 168 168 168 168 168 168 255 63 63 255 255 255 255 255 255 
168 168 168 168 168 168 168 63 63 255 255 255 255 255 255 255 

168 168 168 168 168 168 168 63 63 255 255 255 255 255 255 255 
168 168 168 168 168 168 168 168 63 63 255 255 255 255 255 255 
168 168 168 168 168 168 255 255 63 168 255 255 255 255 255 255 
168 168 168 168 168 168 168 63 63 63 63 255 255 255 255 255 
168 168 168 168 168 168 255 63 63 63 168 255 255 255 255 255 
168 168 168 168 168 168 168 168 63 168 255 255 255 255 255 255 
168 255 168 168 168 168 255 168 63 63 255 255 255 255 255 255 
63 168 168 255 255 63 168 63 63 168 255 255 255 255 255 255 
63 63 63 63 63 63 63 63 63 63 255 255 255 255 255 255 
255 63 63 63 168 63 63 63 168 63 255 255 255 255 255 255 
255 255 168 63 255 168 63 168 255 255 255 255 255 255 255 255 
255 255 255 255 255 255 255 255 255 255 255 255 255 255 255 255 
255 255 255 255 255 255 255 255 255 255 255 255 255 255 255 255 
255 255 255 255 255 255 255 255 255 255 255 255 255 255 255 255 
255 255 255 255 255 255 255 255 255 255 255 255 255 255 255 255 
255 255 255 255 255 255 255 255 255 255 255 255 255 255 255 255 

168 168 168 168 168 168 168 168 168 168 168 168 168 168 168 168 
168 168 168 168 168 168 168 168 168 168 168 168 168 168 168 168 
168 168 168 168 168 255 255 255 255 255 255 168 168 168 168 168 
168 168 168 255 255 168 168 168 168 168 168 255 255 168 168 168 
168 168 255 168 168 255 255 255 255 255 255 168 255 255 168 168 
168 168 255 255 255 255 255 255 255 255 255 255 168 168 168 168 
168 255 168 255 255 255 255 168 255 255 168 168 63 63 255 168 
168 168 255 255 255 255 255 255 168 168 63 63 168 255 168 168 
168 63 255 255 255 255 168 168 255 255 168 255 255 255 168 168 
168 255 168 255 255 255 255 255 255 255 255 255 255 168 255 168 
168 168 63 168 168 255 255 255 255 255 255 168 168 63 168 168 
168 168 255 63 63 168 168 168 168 168 168 63 63 255 168 168 
168 168 168 255 255 63 63 63 63 63 63 255 255 168 168 168 
168 168 168 168 168 255 255 255 255 255 255 168 168 168 168 168 
168 168 168 168 168 168 168 168 168 168 168 168 168 168 168 168 
168 168 168 168 168 168 168 168 168 168 168 168 168 168 168 168 

255 255 255 255 255 255 255 255 255 255 255 255 255 255 255 255 
255 255 255 255 255 255 255 255 255 255 255 255 255 255 255 255 
255 255 255 255 255 255 255 255 255 255 255 255 168 255 255 255 
255 255 255 255 168 255 255 255 255 255 255 168 255 255 255 255 
255 255 255 255 255 168 255 255 255 255 168 255 255 255 255 255 
255 255 255 255 255 255 168 255 255 168 255 255 255 255 255 255 
255 255 255 255 255 255 168 255 168 255 255 255 255 255 255 255 
255 255 255 255 255 255 255 168 168 255 255 255 255 255 255 255 
255 255 255 255 255 255 168 255 168 255 255 255 255 255 255 255 
255 255 255 255 255 168 255 255 255 168 255 255 255 255 255 255 
255 255 255 255 168 255 255 255 255 255 168 255 255 255 255 255 
255 255 255 255 168 255 255 255 255 255 168 255 255 255 255 255 
255 255 255 255 168 255 255 255 255 255 255 255 255 255 255 255 
255 255 255 168 255 255 255 255 255 255 255 255 255 255 255 255 
255 255 255 255 255 255 255 255 255 255 255 255 255 255 255 255 
255 255 255 255 255 255 255 255 255 255 255 255 255 255 255 255 

